30182337
31429406
29127110
33111208
31928428
32061163
33691137
34309183
33036871
32690944
32890906
34679204
30194981
33406777
32200806
31028939
30355526
32339611
32097570
32308803
30833457
33434530
30820936
31004754
32899160
32142470
31703843
34391802
34110247
30823664
33972447
33301765
32452878
29800380
32273258
28977445
34388375
32033280
32274759
31100951
30198430
29622680
34445377
30737369
32603841
28660894
29496898
31247988
30050571
33086474
28763764
33398091
33860329
33398007
30420555
31088828
30777377
28808089
29945734
31631013
32043639
32717176
33257563
34261699
33573881
34653835
32297211
31067497
28718225
30381428
31473054
31394253
31303384
30910772
34360868
33128506
31669295
32362258
33022241
28647092
31377018
32888501
33190414
33986548
29465983
30063867
32683041
35191945
34793693
32892501
28295473
30599146
27613028
30577555
30338057
29274917
32072427
29167332
28748323
28986697
34654604
29719055
31928724
31547084
33158300
32222543
29728295
31619571
33315891
28929194
30849235
28719097
32138230
29233616
30669344
33023679
28870769
31762159
31833194
34488933
32217667
34003342
29863073
34518658
34050870
34563704
32029452
29778759
30504455
31535080
33547632
34196492
32297210
29369790
34650520
28795394
34561683
34836635
35176555
34061429
32861679
28949290
34235493
28902166
31785334
32213289
34489512
29890022
33632029
31714672
29800653
29908125
32378324
31321879
34525330
34606726
30446507
33007418
33599742
32662105
33589652
33270781
33441483
31160506
35328652
33957702
31518229
27191645
32400966
33076743
28722533
34004149
33901016
32132570
31918966
29788763
35132598
29161089
32735771
29979970
30821953
31964869
31367012
30052919
30489038
30370585
29091030
31269015
29027211
30989223
33501605
34271010
29260915
32907613
31073902
31904399
31067453
33984342
31404650
33210431
33524238
31892284
32647880
34424521
34046940
33135707
28292901
30892918
33238128
34863876
32851973
28736434
28746872
27225658
30244836
34298466
32329716
32041473
29948950
32522991
31620993
30820523
31323219
28741509
28096350
30276717
28365058
31985332
27928652
32233549
32239769
31049841
31244213
32033190
30816680
31968231
30087400
29911925
29103937
31576648
34847078
32759342
33512317
31676965
31630771
30973875
29089484
30832324
33421431
30273564
31480882
28549133
29453826
28484090
29653684
33022992
29183993
34437681
27435961
29106597
29916296
31703766
30479271
30608666
31293153
33376136
28883394
33518357
30677713
30075143
34831438
32569518
34913470
32383140
33656892
32845275
31680043
31665105
32961625
33711400
32707908
32704180
33181336
31365464
30153561
34287997
34361072
32738358
31531937
33470040
32827554
34655466
34063979
32502335
28992438
31319163
35139369
32641767
32065230
29385735
28474894
30936117
29351842
33609777
30396452
29240643
35233680
33135311
29107114
32301005
32410444
28284026
27634431
34831188
32253740
29718197
34107307
32745066
31652437
30097117
34191586
34262182
32739009
31704773
32640194
32253742
28075048
30213856
33635299
32716865
30408515
29487187
29753879
27472466
28648146
27004699
30696339
33634825
34107306
30484370
28723566
27484057
32751672
31422938
32961356
31964548
29605660
29348668
33317827
30587511
33878947
32456366
35084835
32759676
33600813
31802008
32758483
32893724
27115948
32409785
28535259
34732355
32274765
33559835
30931649
28820289
33829608
34489114
32540455
34302887
31357232
30477403
31392322
34050868
30839208
30634508
34299548
30756405
27422520
29549062
29754951
29461669
29042130
34752068
32645330
30422930
31842269
34677645
30151644
30194284
28762306
34116561
29293450
31981301
34327811
31549445
32302540
34444954
32478729
31408259
32185903
33453098
33846884
29330040
31436121
32527175
31388129
30075061
34873058
34518228
31830800
32930572
29886110
32991920
30781802
31671908
30179276
29322304
33296657
34463901
30626733
30951809
35271278
33466228
30005169
35177479
27424758
30872403
35241460
34906617
30581143
34619431
35149361
30272558
29540077
29760078
28771841
31775392
29138251
34875856
29351841
35216053
31102901
34663454
27613038
29038026
31099771
27591915
31964829
32297218
32943618
31444251
31418631
31788887
31124783
28473588
31706948
32414496
30837466
32505743
31843052
31939601
34897867
32014991
31127180
30130531
32202296
31639824
30682348
31074767
34792731
31217303
31757849
31127145
30153247
30482806
32985237
29396663
32146515
31752429
28886896
30146318
30178348
33942360
35173167
31279671
31713048
31302117
29474059
29363540
30740912
30305717
28587098
29518071
31243891
28508547
28253732
27613051
28916781
27678341
30910025
34431404
35143965
32900371
30181040
33466553
32876347
32297217
30481215
30529455
31387243
27325725
32994440
33674449
29194454
29725038
33838629
30368041
28333578
31088919
32152978
32641396
29463296
31652260
33427465
32305494
30240405
31326538
29251907
33495633
33020478
31303493
28495501
35285533
29992725
32274762
30508577
29708066
31649258
31412623
31527276
34979330
32412081
29908126
28808322
32322926
29873512
30869076
32998318
30853582
30776479
29611059
30857287
30557664
30810280
30472159
29620053
31612204
33545068
33330942
28947489
34445649
33023670
31636154
32632752
28528489
33764472
31863590
32090500
30955883
31408455
28675601
29870679
32927693
30529741
29634277
31613922
28821863
33862081
33799894
30160513
30796201
29093254
33848238
30446660
32971399
32456207
28424476
30858229
31010700
31827090
28213157
33322045
30074472
30962274
32060604
32653364
28753941
29752334
33581410
33126501
34795246
31711140
31507063
29870768
34570095
34818560
31285256
30913483
28679685
33021864
33361822
29393045
28646136
31668496
30075108
33033181
32075415
32042327
28712655
30626938
33093623
32902139
32274755
32817432
31487280
30496794
31495053
31409866
31813652
33445986
30610294
32130226
28198375
32516339
34440758
32077993
34400833
33184302
32442437
30932373
27134034
34849884
29709705
30826859
30499713
30054385
34723951
30605679
31248887
33566711
32430805
32878939
31642809
34455667
35173048
32278708
30150401
33930402
33915088
35328774
31002470
32274754
33704376
31002009
33637724
30670468
29880235
28792061
29396030
32833312
30849374
31023093
31020383
34197476
30010465
31310593
31560738
31340141
27892468
31344897
28338655
32653673
28198373
29925262
28698593
29348634
29907658
30941620
31727829
29571878
29293508
32890557
29987703
34764357
32668244
31939153
31648387
33630111
32641389
31717602
32751461
32722485
32569525
35357307
28674941
34662812
33168453
34876687
29071510
29117555
30843788
31440771
34262183
29802328
33384352
33066703
35197279
33674390
29887276
31640129
31487470
28159830
32414011
33618800
34251416
34290138
32409639
32101741
30834832
29237556
33619614
27872278
33302492
32826315
28096245
32365080
34116476
33798413
31040128
30371162
29247619
34083746
31112974
33837238
32810423
29442498
34029592
31754024
35173176
26899445
29396393
31327739
33484748
31424945
33632058
29972780
33247003
32193347
33099868
29049853
32693352
33200494
34197463
33338270
31315038
33956916
32397394
32098273
30580103
33960001
30109411
34678614
30188321
29520102
33497624
32447438
32205677
31428776
32128584
33527342
28424271
32739005
29875314
31015322
32298691
34797633
32485920
33236953
33670211
30420473
30731091
33562807
33275045
34531445
31152038
31933213
32482890
35082301
34390834
31797419
30850159
33407930
32621919
32784405
30745292
30695709
30733602
32327570
32746659
33081638
32971469
33350382
29098664
35114585
34755136
34944088
30403374
29949773
31717998
28762764
30265007
28960566
28134285
31132524
34853311
32739430
33647316
28984596
31433985
28097232
33374212
30405104
30999567
30811983
30799286
33212758
33626353
30371777
28877029
31678183
31767180
31454802
30927336
30786881
33422896
31033440
32211892
28544394
32641833
31165730
30502916
29290589
32005735
29422612
30282029
32772603
34428721
32998936
33234071
33789111
31751762
28100513
30518747
32515471
31346086
33809142
30131440
33836586
31861129
32463448
30669443
30342273
29514280
29491361
27554968
35104490
33573715
34545810
32466489
34012113
33749726
30301782
29211722
31213460
33295873
30643122
31591220
34056708
34674371
29402894
33574241
31563421
32311028
31155315
31357627
30276748
34240701
30537820
34842284
32561764
31422932
30477220
32025036
30057111
32112488
30502498
30675021
28750307
31381983
32019926
34581812
30038300
31461647
28436203
32633588
33512557
27786171
31028152
30038021
29898404
29756349
32966780
30098585
30683983
31434710
32152117
33637689
30503389
33171986
29449589
27421947
30910913
30947672
35013236
31868167
30355080
33053349
29725009
30230368
32573439
32149426
33159023
31875563
31533041
29759483
34534579
28855501
32811809
28425050
28972146
34831079
28000760
31384003
34216545
33383104
33891876
32170014
31078432
34228296
32301006
30443017
33347974
30533021
32190179
31541353
30897353
31015194
29274938
29401585
29087340
32679678
29666155
34469722
32205407
31722440
32274757
30753823
34410010
33753553
31225599
33581237
33374422
32870817
33326013
29220654
29742419
28751611
33357414
29580826
30770874
30038412
32434922
30943276
34526504
31477750
31784517
34440674
31492816
32450345
30365497
32354103
34426706
31375563
34031387
31985747
33834492
28613034
34768771
30416500
34070744
33485066
31899485
33706102
34489413
29168500
29945933
34206738
30591555
30200408
34067185
31637312
34573369
31396860
29872871
30303714
29795336
30429547
30936201
33542205
30061372
29625179
32735824
30237207
34111943
29909722
34592134
34904718
29343728
34699746
33055097
30224707
34382151
29978874
28696216
33571423
28652376
32061305
28779490
33665784
29685906
32323346
31862890
30790184
33443099
30355076
32408336
28028237
31412248
31944090
29066441
34218254
31263146
29331499
32366200
31551255
30670351
29661921
32520986
34050165
32324341
34314702
30582446
32364493
29317520
32961796
33523181
30527664
32385113
30418765
34292154
30816677
28351972
32393148
34437837
29530281
25035466
21618531
23734734
24592319
31034286
24188524
27920028
23500136
25325685
27050288
34632458
23770743
28671287
26917581
23647985
27523642
26427449
25314857
27365453
19816426
35345600
21745636
28848390
28441058
29861461
24946960
33891174
24675516
19803393
24567105
22078545
23560308
23719913
24814990
27033833
27335169
32736903
28512398
31798396
22697346
20010572
28503130
26567105
22183379
23900371
23719915
27809888
32010709
26998195
24687294
25976385
27288424
23568995
24033344
20472062
29512168
32392767
34631705
25946012
31275110
33937261
31133790
23458259
23684651
23183882
21221911
32982788
27738101
25144910
28489421
23746257
27744330
24653662
22888630
28959501
21187325
27491084
23587137
27809750
23938216
27026526
26701908
23738891
23350744
23560307
27294438
26968985
20385902
33013325
23454013
22183378
31343361
29713012
27896217
29104136
24178766
26872075
24747662
24465816
23339300
22697347
24686117
23363499
21651995
21441594
27090962
28487627
23225008
30742586
22553500
24639112
27314093
23225012
25367384
30572675
29907476
26386628
27744329
28498720
26645980
32210767
26037399
23587140
21892152
19736625
27398614
30425653
23339312
25819751
32468483
24534024
24126073
26848503
35286967
31377246
33523195
28736525
28431247
28752458
27345610
22649566
21900404
35306485
25798145
31378462
23642796
19298183
22527792
29851355
25851110
28696498
28082869
28066979
31225505
35327449
34222330
27345321
29228542
28757291
22370090
19808079
30771168
29167179
23700209
31559970
25710535
34708187
21776078
32322217
24752014
24394155
23393155
30774592
22863365
20700703
27145842
25331909
24664733
25510338
24069387
19601846
35046576
24822030
25918398
24694655
22248589
21318260
23635070
28952628
21516385
33259919
35047088
23637170
21421920
21414908
21411269
20812868
29035972
32706460
30443201
30245473
27103517
24353212
23583749
20920476
29427100
21121892
27797166
22956271
27744333
26381536
22936006
24458371
21844169
32076433
22277494
25048297
27388987
34940856
27864315
24068917
22076079
24816368
22805774
21348841
35311889
34459824
21087849
32117034
26232151
23536253
26021642
30528228
26405062
33618659
31547024
30341601
30304819
26541462
20816782
34829988
33192447
22566695
23635069
22991705
24200403
29325094
27856431
22932698
21813737
32850835
23346057
35396341
30763619
28220989
26540298
25174273
32842524
23684638
26030368
22806694
32383975
26555170
26455408
23986815
23442334
21121895
28441527
26901531
27386166
26915265
21620769
27365114
34800621
30740222
35180219
28035683
27719636
27261197
26248058
33928585
24998976
22484489
18775310
28939772
29633258
28430800
24178293
24094931
20111867
29090463
27959964
22143807
21085581
33609466
21677361
31602419
28108532
26092526
24959390
24509522
24396150
23587139
23523933
22734670
26030124
28673927
27002185
25857579
25602365
34985690
30483521
24068517
27534903
24719117
24653664
21376667
32489713
28699655
23600759
21146391
27846364
27613049
23833797
22006919
33809923
33328890
26694349
24414418
29541379
20653501
26165337
23339299
26526841
22697348
29362289
22743309
21827894
21209622
23674356
28259985
23013511
28382685
26490404
32630170
30427511
29902695
26483388
25825512
26305239
21030523
25988171
21151840
25071450
34977433
31244649
28838658
27252164
23052866
22727374
34994177
31699321
29704981
29374532
24185262
23225007
20689155
26920686
22405853
34896599
25991695
24833584
23566014
25437566
22995909
25680286
27660272
28143946
28034832
27662810
29203710
28864830
30084354
23794177
23376483
31739582
28484965
24973551
24244134
18276881
29290985
28579074
23549464
30791416
25386560
27830984
25405339
28724527
21058920
31471537
28222887
24630600
24262196
21916933
29212875
23515578
22176890
21348839
32944647
34960722
28821618
28711596
23686137
30063298
27304502
23108292
33212787
23954725
35108506
22198733
27483356
26973240
25051296
23873212
23635068
34517077
30341606
28680391
26953247
25770416
25692950
23607096
21183349
30321138
33892144
31456389
30312581
29887143
28212730
25027379
24744983
23587138
21504722
35094479
28555154
34763695
33132902
29912702
28357271
25931388
24865853
24838640
24560688
23620750
22975527
22908252
20030247
33929491
33634126
25487025
25482260
22570486
22566400
20166966
31875696
29562166
28751711
28448979
34553437
32109376
25941378
21250874
29295891
32265978
28223916
25519967
20178856
31555664
33773104
28150141
27720586
31993502
31231647
34180557
28196416
27935997
26073123
23123183
22956602
28342870
27735933
20876056
31377746
27613027
30761219
23726843
25802225
32172082
30629975
28743576
25490068
23649691
23505376
23013167
21421917
20824346
25451265
35305242
33904021
29339327
28446709
27125427
33779494
34689411
33530848
25907990
24512387
21930185
20419784
19706382
19112021
35225118
27308612
30335616
32169212
30453137
26976279
23349537
20858900
30723781
24556842
18648219
35392273
34825148
34150852
33777963
32930869
26904297
25680466
26430548
23670234
23075044
20665728
29442594
27786579
25433032
23669362
22697342
21537343
30327199
26722006
34916412
28104575
35166006
26619001
23603808
23583182
34729320
27649756
32260341
20521444
35377645
23123197
21131189
35389766
29134321
25619653
21543800
23726168
30635083
35237597
29987014
29662239
26282322
31623962
24879152
31509306
28923065
34172445
33276458
28579939
28851736
27920251
26003923
24713615
29856263
28973444
27770023
25720574
34863585
24862020
23983009
34722639
29925261
28284973
28217691
26862466
25219768
22242008
34689261
32861670
31169041
30089789
29155708
27522545
23483999
20685871
23438743
30310993
29518008
27744334
25528995
25431764
23700210
34447296
35342336
33651875
33472069
32297216
29070521
27732875
26447946
25854808
25784053
25062811
23335331
23085937
21412721
26468185
32305978
28829364
27744335
23119163
22177281
21568912
20819932
35248532
29194372
28770209
32353332
26646497
20653505
23214135
24381984
33253121
25741240
26364976
25361606
33824417
25859045
25030693
31279933
29936333
29613769
35260326
24396148
21811299
34572530
31428613
28460188
35349763
28475885
28089866
28088524
25283966
24345642
23800975
23216579
22509487
20834230
35164285
24689980
34818532
32259521
32024211
30834843
29100054
28337642
25205676
24035591
33019549
31717886
30906200
26811290
22280095
35337729
35221985
23479439
32793592
21571086
35301011
35082783
34867159
32854212
32302062
31868945
31370680
30918326
30051922
27289378
24519272
22902070
22031286
35343876
35105673
28966044
18764821
26740627
25714619
33188902
26228940
27341957
31750913
30012684
30590727
28594326
27744332
25168631
23604074
35253770
34637322
32185715
31619995
28400444
25482515
23894132
22350911
33543862
25344067
35281256
34356615
33483467
33144171
31896603
30760997
25963519
25296649
22421208
29423023
29113832
26862144
26121931
25619718
24396152
20053547
34027050
24567169
30745291
30605413
26993573
26584803
21612213
20724178
31195097
30851444
25425574
25395451
22535891
22405009
35234609
33195456
32038158
33093687
34124314
26913285
26973866
24862021
22052348
32977678
31045287
27994142
27472818
27150076
25583479
23664631
22820548
32487458
25974626
25575736
24694370
24315374
23947440
21392932
26889201
26043024
34600937
34085697
23583830
30675380
20953194
26879107
29982879
26863757
31078679
21095562
35078718
29164114
26239530
35269404
34750031
32992762
32443527
31795436
29802216
28919078
28708000
28600786
27014702
26947393
26859714
26225966
25698929
21079748
32311331
30049264
35364487
33753171
31752169
30116882
29468946
23339304
33388396
33130248
29616191
28916430
26946358
21043486
33320032
30389680
30071729
29524634
28042827
27111894
26251042
25524706
25241263
32944625
30133417
24810400
21416996
20700709
32581709
30885675
28363604
21169004
35230976
34339860
33534536
32528313
29397069
27226598
21785212
21288877
34530659
34050871
32191383
31052568
25697777
23702336
31586276
29890347
26950115
24380730
24355692
22959463
21624403
20682638
24439375
32847034
27347427
34723149
30519562
26287524
25131586
23684649
32501495
25493331
25107299
22175057
32093691
31074892
31064841
28280523
26344735
21444945
21115126
27875097
25580835
32654786
31906841
29085276
27597727
26045202
25587658
22837984
21119635
34429588
33111074
26523394
26327694
26234215
25656912
21490615
34637763
27117643
26546044
25312451
34175243
30580640
29867359
29570393
28893460
28122966
28057298
26771470
25614870
34048844
33802194
33232669
32233097
32088829
30158826
29562527
29148236
27613546
26865495
25936650
34914967
25325697
33481299
32138903
32063825
32053121
29744037
34203326
32754041
31028822
28665616
28493471
28461260
25422161
25147502
24353213
21670152
34419414
27865831
34256442
25155579
29168629
29901879
25757830
24471711
22949116
21616100
21298103
20858502
30035772
26977249
25218483
21494086
35143772
26573331
25326581
24609033
21659648
31988747
25843722
20238009
28282264
29910897
25190517
20116259
34812440
33196835
30671397
29401000
33760394
31658988
30282948
25483081
35180892
32268122
27751235
31246952
31628947
30850528
32269336
21077796
26894765
30735678
25225353
35334840
33669844
33107904
32640524
32234339
30296026
30003683
26469957
26412102
24407905
25988162
33804819
32958677
28887920
28241148
27179971
27055592
26723986
25352169
34707192
34453866
34273246
32730855
32055233
31580908
30986509
30634694
27416755
26912797
26779479
23463216
35286189
35008433
33933601
31850344
31397627
28898585
21111239
30423411
35063351
32266045
26443703
24421309
24396149
24155743
21818581
34580036
28431222
29402392
28725179
21047521
35100068
34985945
33634973
33298866
28195332
33668611
32067958
31629059
28655754
24753254
22710345
21844342
25340639
24778937
20619166
35143655
34985695
34869041
32848832
32257546
32253741
30670467
28228773
27834739
25654250
34740308
31552448
30822413
28065882
27563707
27121871
26658218
25495476
24990484
33028421
32317319
31699992
31686182
31413197
31131329
30135257
27551041
24001579
20479748
28389532
32568358
30796969
33693727
35111762
34446368
35265794
31300194
27067187
23357831
23165354
22936916
21825020
21687851
20886762
20030249
35059631
30484155
23839579
23856581
21030511
26017155
35052794
31776995
30072094
28424588
28106854
21628427
21348838
21095248
30320914
35002606
34685773
34499406
34238764
31227593
28758895
27246978
27452337
27129254
24838286
34625292
33453938
30343462
26413421
23908845
23328586
22088212
20238031
19643812
34869596
33930465
32561138
31926002
30912096
30333975
29979817
29631171
28553203
24629228
22397366
33149264
30828290
30463299
28937603
28377722
27248857
27098648
35350536
32825766
32449565
27989401
23572537
22518844
31064137
30543447
19708088
25626954
34494645
34233554
33992469
33937334
31262433
30576524
29782227
29071508
28737514
31453227
27729926
27032776
23551888
21715701
35250401
34636997
32989449
32417788
32175331
30740335
27867938
27502399
27424755
25032908
24944205
24509645
24343298
21827905
21777388
21030512
34877816
34680141
30860281
29502200
27704280
24563850
33497785
32116562
31695608
30393045
28294298
28101003
24797038
24760129
23770237
21943430
35037039
33587751
31680867
31429341
30943392
29850629
29076790
26274833
26107317
29901881
25425576
25283146
25191326
23345084
21700212
21539296
21348837
21348834
20060297
33445488
30030591
28049840
26692333
23999505
31351175
29653945
28086196
28036392
23722904
34124684
32986860
29042326
25660369
33014525
29575130
29437928
28994181
24153430
22505584
33637676
31963720
31697050
31316753
31105062
27881664
25951168
24806222
23452842
35185971
34958522
34222342
33390437
32764115
32684085
31970941
29875627
29290964
28936673
26461298
26226424
26210153
26166159
24963133
23504628
23233555
22733816
22350905
20448454
20199841
19242125
32505524
21663784
35058801
34267657
34090616
33992157
33815878
33330614
33119726
32958805
32886535
32759666
32597843
31231659
31091419
30148697
29384724
28936674
27030592
26774341
25714469
25487016
28357241
24664756
24659989
22783207
19702573
19617345
35063638
34874156
33453058
32568253
32391359
32274599
30341617
29970772
29545515
29170749
28542401
27713398
23483542
22453175
22182830
21343310
35351610
31752589
34561149
34410368
34004187
33832207
32829254
32076548
31669238
31398930
29904335
29301104
28763074
28630026
28622521
28580188
28110595
27656143
27044889
26721954
26623119
26501339
25247411
25036888
24890785
24656441
24396147
24378578
24348562
24344181
23808331
21329803
34868142
32471464
31509197
29361800
29203718
28913005
28089856
26864378
31002798
26047032
23426524
33003328
28767736
34358326
31914399
29768203
29247078
28572047
34902447
33970775
35259837
28499719
22651894
28223419
29950142
28687614
27525440
25620427
23770744
27434122
24079818
22562797
26503960
25969543
28801400
29036198
32414108
34538755
26363891
32694726
34735580
33870132
33431325
33078210
32719056
32589934
32387507
32340357
32271694
30645757
30287680
29782836
29707147
29427249
29049998
28657440
27486076
27744339
27345933
26699660
26606657
25744412
25643868
23791175
23707235
22685320
22653707
21385720
29395071
24738180
35342357
34064758
32325063
32001616
29408041
24652288
34778379
33227292
32752093
32121220
31756517
31736708
30562164
30186748
29043503
28918244
28752781
28637678
28377462
27240327
27200359
25994946
24706844
24217950
24038488
23959860
22799889
22375124
21930694
21481020
20159555
35368245
34649812
33466824
33130247
30429217
28557005
26502114
34403830
33101008
32986025
32498555
32170904
31714929
29348169
29054537
28707011
28539871
27978767
27881056
27744331
27573113
26951197
26101215
25654640
25510262
25483040
24504409
23709368
21695262
20080635
35269789
34198675
33957121
32679806
32202164
31944627
30838411
30314276
28961065
28943839
27097127
26778558
24509603
24312217
23748003
23357829
23022417
22571949
22138491
21295458
34927200
34528024
29662612
28292956
26174609
34729300
34356897
32523508
32155735
31826303
25921538
27984738
32716584
34019093
31218221
27450084
33046555
31594690
31577960
31425744
29351844
22183333
32586736
33661101
33619348
33179756
30664732
30027602
29427280
28431320
28089565
27821326
26526359
35033630
33495079
32333439
28178240
26756400
25977255
25406314
21613604
33879768
32521270
31354022
29783751
29416110
29355603
28613983
27656128
27131907
23121022
33340068
31239354
29064456
28283797
34189425
29089953
24084862
35283733
35000752
34078791
33974963
33291646
32956024
31118302
30887850
30768765
30094600
29909242
29323786
28719664
28428740
28394178
27425249
27071404
27064076
26287246
23658807
23177195
22020207
33832854
31593669
29789218
33640701
33143278
32859116
32162334
31400849
31083585
30635082
30185079
29706537
29611634
29459380
26961882
24916015
23813960
22419850
21671754
20959823
20371198
35326118
34240738
20498278
35204666
34847359
33173538
32458981
32229172
31179525
31170093
29628874
29539413
29071511
28469577
28459531
28159831
26918154
26003922
24766537
23530259
22815961
22693582
22526016
20653509
34566931
34477881
34461102
34397372
34370334
33203794
32895367
32201219
31568865
31156372
31098840
31017385
30911895
30605674
30425096
30134144
30098457
29476642
29311797
28838670
28630454
28532674
28366434
28293421
27516341
27630065
26671574
26182415
26091746
24677745
24437518
24338008
23746847
22785403
20653511
20435896
32243805
26330821
22872774
31852813
28360103
33319748
26787453
26793951
35114103
31258836
23900412
31845741
24024146
35061295
34613660
34168552
33744871
33582161
33086033
32945124
32605905
31074957
30745144
30343604
29754824
29233873
25679764
25591151
25429258
23820032
31176531
22521428
27538368
34572023
33346940
33339546
32744883
31952963
31426459
30798354
29804830
29107536
28939971
28287632
27155237
26446170
25420508
25374511
25166757
23457214
20942788
35046984
34528172
33986643
30773782
29483093
29382725
27379382
25157167
35101542
31676763
31032688
30232754
30099725
30050012
29891114
29156584
29082555
28536631
27922824
27619987
26190974
25702865
24312699
24086518
23667697
22920901
20130674
34313530
30745418
33685797
31330953
30177525
28486590
28298488
27992581
27225656
26718974
26419670
24795221
23650379
32631408
31570707
30959460
30006345
26945068
34180400
29618508
33339768
30885608
28341998
32302402
28357364
23474894
22749882
22138183
20716108
33433484
34532513
27818636
23521788
21441580
35244890
35143841
34827164
33151848
30626110
29804932
29725845
29524633
28645931
28057013
27926939
24864011
24211135
20483339
34888313
26893145
25870559
25126987
24315366
23950707
22503700
21875985
35148206
35083609
33826901
33509650
33195472
32955441
32492414
31740403
30840237
30215383
29949403
29543708
28945192
28865110
27821780
27166251
26686643
26123108
24353199
24338015
23554491
34464654
34448206
33774280
33348896
33347985
32735894
32334816
31891113
30257937
28894090
28844202
27813490
26287272
26130806
25882379
25832544
25782750
22314254
22124781
28031489
35065075
34520744
33792056
32799317
32357563
32046286
31714737
30635167
30497978
30210290
30118681
29887145
29360467
26993805
26501335
26377848
26258774
26190021
26176532
25810062
24609034
24401655
24246717
23892247
23434032
22666389
22528838
35121664
31271238
30305426
24838285
33249003
26494620
35108516
31630969
24843123
24403063
26677221
24146251
33655007
27516358
22895348
35306313
34756884
33440178
32969779
30201720
30134192
30021169
29551589
29520626
28890254
27993598
26839000
25217166
25148104
24591605
22709427
21536706
21054154
21030519
27744336
22071633
35320914
34930538
27623263
26753407
35151690
34214249
33770426
33726509
33106318
33006069
32763254
32059750
31826915
28972305
28472967
28090761
26438723
25844871
24845679
35037620
34572540
34297914
34155306
33660767
33159806
32754048
32620242
32354159
32235396
32231214
32029587
31846549
31052375
30992335
30150665
29108670
28994715
28602583
26832397
26491016
25904010
24261972
23640875
21415729
35014767
34968001
34572087
34214073
33944936
33341352
32854852
32060513
31552827
30898667
30260700
29551266
29317501
28369388
24686308
24589617
24434588
23458846
23148209
21949396
19875982
32761290
32467226
32694680
27499850
34622167
33172755
28971461
24896352
20927454
34827586
33946763
33639418
33297334
32526825
31187709
30595434
29293269
28883046
27884606
25451799
22366796
20868490
34601610
34660599
31437638
30085058
26549884
24808827
23001884
33529716
33123115
32733514
30004813
29312526
28237106
20363631
35395547
35082119
34600886
32701056
32572058
27172186
25998900
25672362
25600811
23608881
23599894
22701530
19549824
35150241
34818554
34469721
34417525
34192536
32996193
32668258
32663165
32491259
31302249
31138622
30705583
30645756
30537423
29294248
28993311
27487474
27342858
25082979
24810052
23470275
22003057
34043816
33830638
33361368
32819579
32209225
31836664
31230910
30110626
29968775
29940269
28447936
27529376
26886723
26561808
26142927
24177425
22771760
31173843
31080802
30788428
29567143
28589125
28340346
28252521
28095315
24010714
21176779
20302520
33996917
33763635
33665565
33633561
32018054
31010465
27090903
27103043
23349523
23266354
23001575
34573926
31958081
31442299
30782827
30648346
29754957
29505920
28231469
25957690
25451012
25332170
22840404
34746012
31722303
30484157
29397034
28971411
28167899
28145905
25538690
25354560
23700547
22154366
30459094
29147466
26178252
23521725
22896034
35208827
33857516
33705978
33207262
33199366
32720218
32535180
32350108
31790700
30642763
30548390
28710283
28455613
27682820
25766616
24236475
34685574
34598881
34225914
33975542
32887796
32484200
31714914
31625269
30559296
30332327
29457374
26758180
24311781
23143330
35162995
35331912
34780474
33603091
33033180
32559125
32210081
31129810
29414786
29086036
28939749
28096448
25652260
25635056
25626353
33123558
34942085
35323946
34972996
33282895
32468551
30773324
29876912
29316491
29180055
29057168
28824920
26831646
26544680
26253026
24156262
22136565
21573992
20653507
20363648
33674167
33556475
32477595
31293369
28890687
28715730
28454605
26963158
26046683
24380126
23746838
23167595
22350907
35298632
34420960
34382059
33288678
32889561
32737758
32212900
30584143
29983375
29845728
29748379
27992858
27720295
27413169
26415001
26083412
25688877
24789905
24142515
33532475
32968929
30910031
29177656
28429788
26956194
26219222
25841341
25804747
35391935
34277127
32730766
32640701
31583082
30710059
30590907
29802916
29570205
29081515
27508962
24910588
24222102
23541553
20977625
20393191
35016968
32574648
33687156
33458921
32848778
32712172
32607595
32302544
32248828
30257943
30021912
30007914
29203706
25724235
25557022
25265088
22908193
20089831
33454006
32310340
31929756
31892318
30747088
30204503
29451493
29441361
29186695
28450057
27184767
27184105
26196144
25422440
24627495
23963039
22922937
21079601
34947992
34571827
34403698
34329823
34073185
33542714
32887693
32453327
32353215
31996421
31177093
31149896
31047750
30367978
29725981
29512064
29251598
28093214
27681617
27427974
26235058
26152728
25640060
25615820
25205819
24706768
24623722
33689276
31888770
26923166
34485867
34122136
32712152
33324900
30987024
29467648
28701417
27815300
25543668
22832197
34061570
33842465
32655368
31468420
29209650
26022064
24697695
23797088
23530265
23344891
22183876
34487948
34026847
33976390
33572160
32484543
32163196
30456249
28928628
28868254
28743182
27346163
26917585
26713263
26471081
25369343
25299751
23684956
20942596
35116102
35047522
34267822
33450137
28265599
26284255
27308392
25044960
24782883
32455716
34440892
33525750
32816646
32152424
31179287
29430279
29413893
29043077
26410596
25664244
24473219
23078084
35122113
34177557
33117793
30998500
28970584
28670265
27435959
27050459
21576255
34311841
33974913
32762091
32651614
30352046
30140941
28893863
25567323
35045562
34485280
33842548
31561466
31498990
31348488
30913482
30611428
28911816
28605671
27538057
25339987
24619348
24262195
35294869
34409066
33613462
33154033
31832602
30456248
30427275
30027903
29901833
29771174
26339477
25228883
23380248
23171056
20955165
20556630
35002279
34437506
34237472
33971488
30852084
30540818
30459217
30287474
29930975
27343758
25786854
19160490
31797568
31645208
30982745
30528127
30497516
28300624
27756573
27095827
33207181
34520743
33007545
32393437
31485289
31269451
30686764
29182146
27807175
27783938
27718298
35189150
35159365
34632013
34458700
33924425
33768999
33563195
33553156
32498474
32413314
32169820
31960048
31746335
31482142
30617048
29616249
29615966
29311768
29239314
28966806
28867168
28433487
26347282
25984530
25762334
25615529
25217383
25071552
24949965
24657016
22371371
21317884
21283720
33965001
33808506
33765253
33188737
32898751
32580484
32105729
31715291
31644305
31476356
30775999
30605684
30530923
29414517
29388501
29158562
28731040
28661476
28593023
27358125
26734616
26523494
26461314
25988175
25589730
25502113
25311577
24898297
23512334
23430704
22993064
22001671
21571517
21269460
35340218
35205210
34863900
22502646
29642630
25406061
34523304
34263000
34161122
33995101
33446678
33329070
33326534
32115559
32058971
31411939
30907321
30735057
29719834
29360216
29111563
28846184
28817209
28146312
27845970
27124586
26908902
26864548
26488408
25807987
25534281
24710080
23729400
23182441
23140834
22192858
21989221
21906632
21189122
21167082
21039334
19133840
34520100
34418264
33805092
33721903
33538566
33352896
33206409
32716378
32153351
32121206
31998750
31818361
31162854
30072954
29916024
29662634
29233876
29172942
28689755
28574744
28349285
28345458
27835924
27699616
25325686
24985739
23041318
22921611
21348840
21156142
34655462
34163039
32467259
32284329
31595831
31302751
34520334
33548202
33226796
32811828
32410044
31882005
31361156
28765400
28254759
27756846
25049227
22918878
35289645
34564533
34338497
34174286
22666474
21617129
32843553
30442948
28536268
25888134
35113662
35036680
34837015
34526221
34509173
34371855
33989633
33341675
33252673
31893382
34327290
31408624
31323700
31127649
30525100
30336542
30092361
30039638
29930764
29775273
29729230
29570196
29170452
28643372
27806268
27531569
27226546
26621473
26514200
26472869
26147092
26050974
25762445
25704251
24930971
24895579
24762810
24440355
24362885
24358196
24043785
24030922
23546482
23354069
22723742
34978283
31997665
35315738
34901342
34881083
34428477
34291207
34171442
33988824
33979611
33406423
33335909
33093673
33085644
32926143
32899412
32793891
32783965
32573651
32521226
32371922
32290618
31979201
31803756
31790139
31460415
31322580
31212039
31036905
29915569
29800676
29575576
29413175
29412995
29388464
28983101
28545550
27926536
27237473
27193249
27143694
27033519
26873788
26679294
26004510
25946078
25602806
24895851
23619240
22802614
19701939
31508418
27831465
35160156
34572436
34302904
34268295
34222357
33991044
33858599
33825342
33818905
33585447
32626852
32437379
32337217
32093415
32069013
31925751
31885780
31601715
31369788
29887832
28851655
28203548
27554634
26971626
26933738
26597576
26362261
26167652
26097841
25774941
25372053
25023910
24729012
24086754
23577173
23233060
23052217
22697349
20462490
19775599
35353634
35146419
22778258
35355590
35034107
34985701
34966810
34866305
34718512
34509548
34272472
34171439
33867942
33855279
33742523
33675779
33535956
32112719
32030400
31280465
31079890
30706126
30248408
29501325
28881129
28651008
27751231
27250246
26934223
26865365
26802901
26684655
25270767
24466307
24173167
23613750
23349863
23235148
23115236
23108148
22887947
21505792
35129801
34857875
31728576
33108274
27918765
27111525
34408321
33811810
32751642
32576685
31492659
29776378
29100984
25187515
35074002
31284834
30890471
28780067
34933910
34827436
34105701
34071457
33801681
33430464
33016946
32627815
32582706
32038686
31829475
31439666
31174250
30946007
30628653
30482828
30450103
30349034
29938224
29725497
29132128
28937684
28860970
28011957
27966099
27508340
26388396
25785563
25146396
24229407
24196964
23713078
23708729
23689375
23318261
23086935
23039052
22955354
21460613
35159190
34604301
34563565
34222238
34113420
34110772
33808130
33745437
33484891
32961180
32952083
32400766
32281971
31704274
31501588
31494674
31165364
30635087
30622263
30506377
30439936
30417160
30147026
30017198
29735657
29186691
29142280
29135234
28902917
28680390
28673026
28272317
28120291
27304510
27061590
26504172
25857997
25555680
25205111
25131593
23929205
23794287
21680531
33924944
34421834
33594417
33464098
33260674
33232135
33224433
34109028
32117210
32066719
31901637
31787574
31331077
31133985
30833545
29694247
29395478
29216338
28806103
28554311
28265000
28214988
28153753
27412984
27220847
26687487
26628321
25540941
25149061
24027179
23641894
23403927
23360761
23352664
23338832
22706763
22415769
22371559
22236519
35390034
35385646
35370630
34981486
34572974
34429537
34245849
34213646
33838292
33771521
33516970
33338396
33180887
32524825
32372943
32251691
31596542
31152582
31135143
31129262
30726209
30341615
30077118
29651925
29467617
29228266
29149599
28888702
28844867
28502807
27613055
27060201
26464214
25769060
25561438
24338021
23999302
23452040
20226165
26304740
31242583
34717775
32339566
29596046
24324164
34945848
35028803
35005567
34869687
34339681
34063507
34043860
33941609
33640455
33639210
33546049
33086172
32991410
32873777
32013014
32012215
31623164
31175912
31077033
31074798
30952364
30773926
30552095
29959858
29890203
29377163
28315241
28033363
27997702
26518296
24584154
24450587
24254744
23994620
22952026
34714826
34187104
33864227
33797904
33422566
33370626
33159075
33137636
33003559
32867730
32396196
32175954
32100338
31409974
30654017
30123077
29492203
29107503
29036441
28793258
28714034
28708484
28431189
27616763
27383793
27373166
26477911
25556124
25544045
25312646
24371088
23680451
22456183
22083671
21881209
21103907
20653510
33679446
35254651
35225340
34699527
34627375
34395513
34367475
33732142
33503824
33392209
33192254
33157166
32886002
32298450
31332012
31273402
30867233
33223602
29594839
29030426
28798402
28702709
28407243
28334862
27846716
27698423
27350246
27022919
27017930
26820756
26651592
25678412
25301687
24239290
24116849
23884086
23429201
23400300
23046644
35011599
34894216
34359917
33805527
33447253
32915553
32909149
32560263
32302629
32132902
31819342
31806687
31793138
31443414
29392504
29345424
28510050
28334762
27933736
27929117
27299292
27264606
26923599
26840306
26709769
26201382
25921872
25611376
25237184
25232303
24965592
24783948
24146931
23553495
22817723
22347503
21892924
21338918
35363528
35202786
34062489
33326751
32463355
30117535
34479963
33023943
33545358
32567086
35065023
34563965
34384864
33857309
33824927
33352938
32964492
32482878
32049438
31694524
31646055
31636313
31569820
31408224
31396308
31346745
31105551
30716086
29497356
29109084
28951283
28912266
28807816
28805808
28419534
28031292
27487838
27735940
27380955
26973652
26872363
25750920
25444610
25385277
25224501
25112410
24591609
24393531
23976981
23532854
23312285
22902621
22133674
22120646
20021333
35317997
34707166
34680116
34577077
34522866
34330884
34140249
33245896
33075064
32334140
32048531
31928728
31830760
31628211
31413160
31320759
31004355
30908491
30893019
30886345
30723982
30042329
29854950
29469033
29323280
28975445
28607377
28083634
27507943
27292798
27283588
26517763
25995290
25713068
25266449
25215492
24244197
22494772
22366762
33810430
35015731
34954444
34751953
34411568
34217014
33930446
33804675
32987013
32301624
32284383
32274758
31922884
31067645
30916346
30356756
29992293
29959657
29538046
29343546
28943271
28925357
28831118
28544880
28344334
27459203
27435672
27234323
28741511
27105849
26944342
26839892
25937177
25863726
25209277
25065395
24191243
23586929
23203805
22972301
22806013
21909508
21091474
35269596
34691567
35183431
34946890
34740114
34575035
34161769
34037207
33718833
33409153
33395526
32893851
32718208
32554756
32090465
32009941
31787274
31778676
31519378
31482721
31482121
31102755
30610733
30565707
30212720
30095923
29693282
29641181
29632240
29240668
29110485
29020013
28932706
28610619
28475037
28315482
27424760
26915999
26909316
26142908
26014514
24259517
24113185
23145051
22262461
21383154
20965426
35129372
34649278
32642868
33883278
30595457
30126249
34818016
33978813
33731668
30277819
34385272
35302062
35239512
34528694
33983927
33523898
33392968
33333910
32870666
32777224
32641913
31824299
31801298
31034772
30713500
30030046
29635040
29449567
29107797
29024336
28453520
28177127
27818141
27485532
27143437
26738589
26661414
25066301
23179753
21980350
34970114
25333946
35033536
34769152
34513723
34352319
33861516
33576509
33531206
33359129
33304268
33278424
33269387
33067463
32788208
32028820
31572864
31304631
30888583
30868713
30735729
30042431
29686046
29425735
28463997
28450372
28414129
28334751
27669037
27746171
26913604
24710632
24277934
23708608
23592311
23448463
23316740
22872699
21753184
21719532
35267509
35216090
35003157
34780718
34550359
34299092
33836253
33806154
33707598
33420088
33363456
31786479
31492754
30664924
30516470
30282365
30123426
29507186
28973424
28278364
28153090
27911893
27610575
27392090
27153139
26840281
26475870
26327695
25639909
25220459
25058675
24191049
23975097
23555277
23489322
22872678
34860005
34725424
34677373
34198710
34011688
33942880
33482469
33260959
33037688
32585245
32306217
32198216
32124682
32070025
31922487
31737616
30660959
30475834
30468556
30116496
30058356
29970827
29209747
29147580
28314264
27493027
27325206
26906090
26212459
25794683
25153785
25055872
24586417
20926634
33000167
26789921
34725360
27207958
34726901
34571256
34495738
33907289
33484951
33428933
32799899
32774673
32134970
31484751
30971947
30791981
30252534
29226326
27938414
27552055
27398315
27308733
27245589
27163800
26934978
26281945
25411231
25149687
24315858
24277689
22119779
20044041
34680161
33948708
33901008
33899734
33829398
33045734
32932648
32681165
32462207
32383602
32259050
32156661
31909711
31413238
31386770
31321000
30510434
30181176
29440227
28970536
27335173
25862635
24614109
21224044
35271839
34985699
35260968
34867295
34633987
34365213
34331939
34090606
33968021
33918165
33544326
33020113
32304106
31323898
30989755
30478144
29879375
29779948
29459769
29172645
28974540
28428745
26776680
26194095
26077337
25794824
24553947
24123581
24039611
22357874
20936810
35269451
34996455
32576923
34658774
34396529
34375386
34281279
33924391
33599798
32801000
32776282
32690943
32087526
31793427
31658251
31622046
31488613
31402317
31076617
30673613
30439413
28332488
28295407
28186560
29356483
26930296
26687188
25915723
25908846
24606902
23966770
23293686
22396390
34143952
25265087
31644574
31930742
34311678
34045646
33446607
33266495
32275682
32240017
32192227
31488222
31287913
31160557
31112535
30015615
28449065
28368421
27429199
27340909
26968793
26566974
26487695
25409455
25292434
20453863
32579299
34609083
34314817
34204996
33718356
33403797
32929860
32057259
31017387
30588337
30478733
30472191
30048806
29852219
28740245
28678786
28130214
28067773
27078872
26381917
25868396
24931469
35263592
34862464
34469731
34191542
34078666
33957083
33824313
33349584
33242767
33016182
32424039
31964485
30989118
29453283
29390042
29155321
28473298
28055010
27690738
26826670
26739059
26446103
26163000
26130467
26006219
25913742
25344756
24893647
24703696
24530624
24358019
23576438
35139174
34969438
29503157
34341532
34283312
34267182
33242407
33037686
32720736
32714568
32183509
31934346
31921161
31591429
31487224
31444957
30890561
30400847
29497115
29164525
28438837
28249563
27570075
26582131
26267894
25616961
25036637
35396330
35052580
34696730
34445555
34071205
33802550
33767236
33630350
33080365
32762682
32733014
32306990
31900865
31754640
31641108
31071975
30598479
30503830
30362618
30217442
30195075
30193095
29875161
29753111
29734798
29389248
28958078
27863501
27642048
26898246
25973683
25645581
25341065
25111754
24406245
24280225
24256636
22638109
22474283
21358815
35393404
35328829
33404278
32494657
35278719
34199046
34023907
33631298
33492460
33421500
33400913
33043055
32532226
32411012
32280986
31656131
31437213
30898172
30254194
30076131
30010806
29437892
29348557
29303785
29076578
28992183
28851515
28842615
28275944
28079883
27816612
27732890
27447786
26118642
25773600
25771431
25733853
25530974
25389134
25316028
24799681
24358326
24043900
23810450
22311976
20660116
35334159
34297416
34224817
35063449
34695606
34606039
34373320
34202561
33731477
33573353
33417012
33398173
33269537
32802827
32250292
32235805
32061518
31980572
31962153
31695197
31685529
31678009
31409638
31399574
31277285
30630951
30573510
30559217
30287689
30009671
29884340
29162721
29089387
28905328
27318325
26720340
26697887
26496683
26361352
26232625
26168288
25870157
24755468
22470531
22204304
34654459
34446566
34021140
33164297
32533606
32487229
32434871
32427833
32218217
32207963
31127082
31112866
30738879
30304514
29955078
29849898
28982193
28970102
28631426
28478266
28379200
28030835
27754870
26448611
26118537
25467444
25429148
25362034
25259530
24690484
24632005
23637632
34902186
34830348
34198733
32937105
29791858
30318339
34083123
34011988
33542049
33279620
33168630
32313191
32236821
31818043
30894683
30568035
29311133
28878259
28724775
28487364
27624100
27002156
24586461
23177194
22794259
35213535
34878820
34434484
34352110
33169015
32888826
32298788
31982367
31778111
31754701
31116970
30804504
30309964
30143514
29439332
28465355
27103636
26483381
22798627
22445064
20682751
35050206
34396108
33514872
33054770
32814905
32457508
31727452
31699569
31233899
30568038
30203323
29410319
29398115
27496166
27405763
27208169
27169926
25311206
24671416
32821848
34769067
34216993
33911272
33495516
33413684
33398168
33148170
32729659
32331382
32175694
31527516
31315638
31274354
30917950
30625302
30544621
29483518
29444822
29215198
29121992
29030433
27565346
27439389
27320198
24819277
24322890
23641861
22771239
22512932
26066325
33921590
31589841
30874543
28061811
27035618
26940092
26290229
25690322
25490051
25223703
23837470
35061535
34763720
34288182
34075526
33846551
33028677
32747394
32630301
32457286
32446294
30412730
30266909
27389535
25491313
34767070
34275757
34074767
33671535
33313307
33293212
33011099
31911951
31505270
30990022
30656775
30487290
30222731
29405096
27461470
26642319
25741597
25714483
35269506
31913693
35098924
34675437
34626892
33910017
33692127
33270690
33116222
32927759
31705877
31657478
31320473
30013108
26962150
25925689
25723488
25018089
24743735
22048958
19428459
35333565
32958856
34191328
33710763
33509163
32899400
32075509
30563508
30544562
29954368
27832521
34666947
34586341
33112656
32365245
32360601
32047005
31873156
31762184
28082079
27732613
27638668
27382036
26617071
25880015
35383169
34472615
33799647
33167591
33116455
32282124
31808062
31436702
30297908
29859344
29490708
28244987
27768902
25855731
23222885
19280351
35217767
34830162
32723812
31974253
31171565
31031170
30917850
30057120
29321322
29090078
28667089
25350163
34751006
34725333
33473109
32276635
32084388
31703252
30996991
29843457
27133168
26706127
34467851
33546468
33492644
33386232
33300868
32004439
31368600
31362587
30985297
30557452
26792178
24882066
33949206
33915266
31672759
31045581
30634515
28848891
25864199
29270905
31546610
31170268
30103252
29562662
28251488
26520394
24200693
34516892
25295787
33888613
32066283
31915301
31282275
34878824
30803355
29507222
28296976
35054135
34587756
32786289
32720752
32017918
32011642
25532418
27097283
25574826
35131902
32968279
30332646
33477364
33082318
30846695
23842546
33543942
34561305
33273113
30781825
28413018
35286860
34830414
26869642
32967799
32086311
34052996
32522463
34033525
33926975
29440509
28619716
34272367
33420340
33029011
31521194
27254664
27304509
26070913
27173435
34446466
32409666
32142688
31852801
33905493
33927017
31123700
33625796
32669715
34016559
31027503
34859529
32668255
32819855
26799652